19610 23.0 31.40
19611 22.0 24.30
19613 21.9 19.60
19615 21.9 19.50
19617 21.9 19.40
19619 21.9 19.80
19621 21.9 19.90
19623 21.4 20.20
19625 22.0 19.90
19627 22.3 19.50
19629 22.4 19.40
19631 22.7 23.10
19633 22.1 19.40
19635 21.9 20.60
19637 22.3 20.20
19639 22.4 20.00
19641 22.5 20.00
19643 22.5 20.10
19645 22.5 20.00
19647 22.5 20.10
19649 22.5 20.20
19651 22.5 20.20
19653 22.5 20.20
19655 22.5 20.20
19657 22.5 20.30
19659 22.6 20.30
19661 22.6 20.30
19663 22.6 20.30
19665 22.6 20.20
19667 22.6 20.20
19669 22.6 20.20
19671 22.6 20.30
19673 22.6 20.30
19675 22.7 20.30
19677 22.6 20.30
19679 22.6 20.30
19681 22.6 20.30
19683 22.7 20.30
19685 22.6 20.20
19687 22.7 20.10
19689 22.7 20.10
19691 22.7 19.90
19693 22.7 19.90
19695 22.7 19.70
19697 22.7 19.60
19699 22.7 19.50
19701 22.7 19.50
19703 22.7 19.40
19705 22.7 19.30
19707 22.7 19.20
19709 22.7 19.10
19711 22.7 19.00
19713 22.7 18.90
19715 22.7 18.80
19717 22.7 18.80
19719 22.7 18.70
19721 22.7 18.50
19723 22.7 18.40
19725 22.7 18.30
19727 22.7 18.30
19729 22.7 18.20
19731 22.7 18.10
19733 22.8 18.00
19735 22.8 17.90
19737 22.8 17.90
19739 22.8 17.80
19741 22.8 17.70
19743 22.8 17.60
19745 22.8 17.60
19747 22.8 17.50
19749 22.8 17.50
19751 22.8 17.40
19753 22.8 17.40
19755 22.8 17.30
19757 22.8 17.30
19759 22.8 17.20
19761 22.8 17.10
19763 22.8 17.10
19765 22.8 17.00
19767 22.8 17.00
19769 22.8 17.00
19771 22.8 16.90
19773 22.8 16.90
19775 22.8 16.90
19777 22.8 16.80
19779 22.8 16.80
19781 22.8 16.70
19783 22.8 16.80
19785 22.8 16.70
19787 22.8 16.70
19789 22.8 16.60
19791 22.8 16.60
19793 22.8 16.60
19795 22.8 16.60
19797 22.8 16.60
19799 22.8 16.60
19801 22.8 16.60
19803 22.8 16.70
19805 22.8 16.70
19807 22.8 16.70
19809 22.8 16.60
19811 22.8 16.70
19813 22.7 16.70
19815 22.7 16.80
19817 22.7 16.80
19819 22.7 16.90
19821 22.7 17.00
19823 22.7 17.00
19825 22.7 17.10
19827 22.7 17.20
19829 22.7 17.30
19831 22.7 17.40
19833 22.7 17.50
19835 22.6 17.50
19837 22.6 17.70
19839 22.6 17.80
19841 22.6 18.00
19843 22.6 18.10
19845 22.6 18.30
19847 22.6 18.50
19849 22.7 18.70
19851 22.7 18.90
19853 22.6 19.10
19855 22.7 19.20
19857 22.7 19.20
19859 22.7 19.30
19861 22.7 19.30
19863 22.7 19.30
19865 22.7 19.40
19867 22.7 19.40
19869 22.7 19.40
19871 22.7 19.40
19873 22.7 19.40
19875 22.7 19.40
19877 22.7 19.50
19879 22.8 19.50
19881 22.8 19.60
19883 22.8 19.60
19885 22.8 19.60
19887 22.8 19.70
19889 22.8 19.80
19891 22.8 19.80
19893 22.8 19.90
19895 22.8 19.90
19897 22.8 19.90
19899 22.8 20.00
19901 22.8 20.00
19903 22.8 20.10
19905 22.8 20.00
19907 22.9 20.10
19909 22.9 20.10
19911 22.9 20.10
19913 22.9 20.20
19915 22.9 20.20
19917 22.9 20.20
19919 22.9 20.10
19921 22.9 20.10
19923 22.9 20.10
19925 22.9 20.10
19927 23.0 20.10
19929 23.0 20.10
19931 22.9 20.10
19933 23.0 20.10
19935 23.0 20.10
19937 23.0 20.10
19939 23.0 20.20
19941 23.0 20.10
19943 23.0 20.20
19945 23.0 20.20
19947 23.0 20.20
19949 23.1 20.20
19951 23.1 20.30
19953 23.1 20.30
19955 23.1 20.30
19957 23.1 20.30
19959 23.1 20.30
19961 23.1 20.30
19963 23.1 20.30
19965 23.1 20.30
19967 23.1 20.30
19969 23.2 20.30
19971 23.2 20.30
19973 23.2 20.30
19975 23.2 20.30
19977 23.2 20.30
19979 23.2 20.30
19981 23.2 20.30
19983 23.2 20.20
19985 23.2 20.20
19987 23.2 20.20
19989 23.2 20.20
19991 23.2 20.30
19993 23.3 20.20
19995 23.3 20.20
19997 23.3 20.30
19999 23.2 20.30
20001 23.3 20.30
20003 23.3 20.30
20005 23.3 20.40
20007 23.3 20.40
20009 23.3 20.40
20011 23.3 20.40
20013 23.3 20.40
20015 23.3 20.40
20017 23.3 20.40
20019 23.3 20.40
20021 23.3 20.40
20023 23.3 20.50
20025 23.3 20.50
20027 23.3 20.50
20029 23.3 20.60
20031 23.3 20.60
20033 23.3 20.70
20035 23.3 20.80
20037 23.3 20.70
20039 23.3 20.80
20041 23.3 20.80
20043 23.3 20.70
20045 23.3 20.70
20047 23.3 20.70
20049 23.3 20.70
20051 23.4 20.70
20053 23.4 20.70
20055 23.4 20.80
20057 23.4 20.80
20059 23.4 20.90
20061 23.4 20.90
20063 23.4 20.90
20065 23.4 20.80
20067 23.4 20.80
20069 23.4 20.90
20071 23.4 20.80
20073 23.4 20.80
20075 23.4 20.80
20077 23.2 20.60
20079 22.7 20.80
20081 22.5 20.80
20083 22.4 20.80
20085 22.3 20.90
20087 22.4 21.50
20089 22.9 21.40
20091 23.1 21.20
20093 23.2 21.10
20095 23.2 20.90
20097 23.3 20.80
20099 23.3 20.80
20101 23.3 20.80
20103 23.3 20.70
20105 23.3 20.60
20107 23.4 20.60
20109 23.4 20.60
20111 23.4 20.50
20113 23.4 20.50
20115 23.4 20.40
20117 23.4 20.30
20119 23.4 20.30
20121 23.4 20.30
20123 23.5 20.20
20125 23.5 20.10
20127 23.5 20.10
20129 23.5 20.00
20131 23.5 20.00
20133 23.5 19.90
20135 23.5 19.90
20137 23.5 19.90
20139 23.5 19.80
20141 23.5 19.80
20143 23.5 19.80
20145 23.5 19.70
20147 23.5 19.70
20149 23.5 19.60
20151 23.5 19.60
20153 23.6 19.50
20155 23.6 19.50
20157 23.6 19.50
20159 23.6 19.50
20161 23.6 19.40
20163 23.6 19.40
20165 23.6 19.40
20167 23.6 19.40
20169 23.5 19.30
20171 23.5 19.40
20173 23.5 19.40
20175 23.5 19.50
20177 23.5 19.50
20179 23.5 19.50
20181 23.5 19.60
20183 23.4 19.60
20185 22.6 19.40
20187 22.8 19.70
20189 23.1 19.70
20191 23.2 19.80
20193 23.3 19.90
20195 23.3 20.00
20197 23.3 20.10
20199 23.3 20.30
20201 23.3 20.40
20203 23.3 20.50
20205 23.3 20.70
20207 23.3 20.80
20209 23.3 20.90
20211 23.3 21.00
20213 23.3 21.10
20215 23.3 21.20
20217 23.3 21.20
20219 23.3 21.30
20221 23.3 21.40
20223 23.3 21.50
20225 23.3 21.60
20227 23.3 21.60
20229 23.3 21.70
20231 23.4 21.80
20233 23.3 21.90
20235 23.4 22.00
20237 23.4 22.00
20239 23.4 22.00
20241 23.4 22.10
20243 23.4 22.00
20245 23.4 21.90
20247 23.4 21.90
20249 23.4 21.90
20251 23.4 21.90
20253 23.4 21.90
20255 23.4 21.90
20257 23.4 21.90
20259 23.4 21.90
20261 23.4 22.00
20263 23.4 22.00
20265 23.5 22.00
20267 23.4 22.10
20269 23.5 22.20
20271 23.5 22.20
20273 23.5 22.30
20275 23.5 22.30
20277 23.5 22.30
20279 23.5 22.30
20281 23.5 22.20
20283 23.5 22.10
20285 23.5 22.00
20287 23.5 21.90
20289 23.5 21.80
20291 23.5 21.70
20293 23.5 21.70
20295 23.5 21.50
20297 23.5 21.40
20299 23.5 21.30
20301 23.5 21.30
20303 23.5 21.20
20305 23.5 21.10
20307 23.5 21.00
20309 23.5 20.90
20311 23.5 20.80
20313 23.5 20.80
20315 23.5 20.80
20317 23.5 20.70
20319 23.5 20.60
20321 23.5 20.70
20323 23.5 20.60
20325 23.6 20.50
20327 23.5 20.50
20329 23.5 20.50
20331 23.5 20.50
20333 23.5 20.40
20335 23.5 20.40
20337 23.5 20.40
20339 23.5 20.50
20341 23.5 20.40
20343 23.5 20.30
20345 23.5 20.40
20347 23.5 20.40
20349 23.5 20.40
20351 23.6 20.40
20353 23.5 20.40
20355 23.5 20.40
20357 23.6 20.40
20359 23.5 20.40
20361 23.5 20.40
20363 23.6 20.40
20365 23.6 20.50
20367 23.6 20.50
20369 23.6 20.50
20371 23.6 20.60
20373 23.6 20.60
20375 23.6 20.70
20377 23.6 20.90
20379 23.6 21.00
20381 23.6 21.10
20383 23.6 21.20
20385 23.6 21.30
20387 23.4 23.30
20389 23.5 22.60
20391 23.5 22.40
20393 23.5 22.50
20395 23.6 22.60
20397 23.6 22.80
20399 23.6 23.00
20401 23.6 23.10
20403 23.6 23.20
20405 23.6 25.10
20407 23.6 24.50
20409 23.4 24.10
20411 23.3 24.00
20413 23.4 24.00
20415 23.4 23.90
20417 23.4 24.00
20419 23.4 24.10
20421 23.5 24.00
20423 23.5 24.20
20425 23.5 24.20
20427 23.5 24.40
20429 23.5 24.60
20431 23.5 24.70
20433 23.4 24.70
20435 22.8 25.60
20437 22.3 26.20
20439 22.6 25.50
20441 22.7 25.80
20443 22.5 26.10
20445 22.5 25.90
20447 22.6 25.90
20449 22.6 25.80
20451 22.7 25.80
20453 22.7 25.80
20455 22.8 25.70
20457 22.9 25.60
20459 23.0 25.60
20461 23.0 25.40
20463 23.1 25.20
20465 23.1 25.30
20467 23.1 25.20
20469 22.8 24.50
20471 22.0 25.00
20473 21.6 25.10
20475 21.9 24.60
20477 22.1 24.60
20479 22.2 24.40
20481 22.3 24.40
20483 22.4 24.30
20485 22.6 24.20
20487 22.6 24.10
20489 22.7 24.00
20491 22.8 23.90
20493 22.9 23.80
20495 23.0 23.70
20497 23.0 23.50
20499 23.0 23.40
20501 23.1 23.30
20503 23.2 23.20
20505 23.2 23.10
20507 23.3 23.00
20509 23.3 22.90
20511 23.3 22.80
20513 23.4 22.80
20515 23.4 22.70
20517 23.4 22.60
20519 23.5 22.60
20521 23.5 22.50
20523 23.5 22.50
20525 23.5 22.50
20527 23.5 22.40
20529 23.5 22.40
20531 23.5 22.40
20533 23.4 22.40
20535 23.4 22.40
20537 23.4 22.40
20539 23.3 22.30
20541 23.3 22.30
20543 23.3 22.30
20545 23.3 22.30
20547 23.4 22.30
20549 23.4 22.20
20551 23.4 22.20
20553 23.5 22.20
20555 23.5 22.20
20557 23.6 22.20
20559 23.6 22.30
20561 23.6 22.30
20563 23.6 22.40
20565 23.7 22.40
20567 23.7 22.50
20569 23.7 22.60
20571 23.7 22.80
20573 23.7 23.10
20575 23.7 23.40
20577 23.7 23.60
20579 23.5 24.50
20581 22.8 25.30
20583 22.3 26.20
20585 22.2 26.70
20587 22.5 26.20
20589 22.6 25.90
20591 22.2 26.90
20593 22.1 26.80
20595 22.3 26.70
20597 22.5 26.40
20599 22.6 26.40
20601 22.7 26.50
20603 22.8 26.60
20605 22.9 26.60
20607 23.0 26.60
20609 23.1 26.50
20611 23.2 26.40
20613 23.2 26.40
20615 23.3 26.30
20617 23.3 26.40
20619 23.3 26.40
20621 23.4 26.40
20623 23.4 26.40
20625 23.3 26.50
20627 22.4 27.60
20629 22.1 27.70
20631 21.9 27.80
20633 21.6 27.90
20635 21.9 27.40
20637 22.1 27.30
20639 22.2 27.20
20641 21.9 27.20
20643 21.5 27.40
20645 21.6 27.10
20647 21.8 27.00
20649 22.0 26.70
20651 22.1 26.60
20653 22.2 26.40
20655 22.3 26.30
20657 22.4 26.10
20659 22.5 26.00
20661 22.5 25.80
20663 22.6 25.70
20665 22.6 25.60
20667 22.2 25.00
20669 21.7 25.30
20671 21.7 25.40
20673 21.9 25.20
20675 22.1 25.10
20677 22.2 25.10
20679 22.3 25.00
20681 22.4 24.90
20683 22.5 24.80
20685 22.7 24.60
20687 22.7 24.50
20689 22.8 24.30
20691 22.9 24.10
20693 23.0 24.00
20695 23.0 23.80
20697 23.1 23.70
20699 23.2 23.60
20701 23.2 23.40
20703 23.3 23.30
20705 23.3 23.20
20707 23.4 23.10
20709 23.4 23.00
20711 23.4 23.00
20713 23.4 22.90
20715 23.4 22.90
20717 23.4 22.80
20719 23.3 22.70
20721 23.3 22.70
20723 23.3 22.70
20725 23.2 22.60
20727 23.2 22.50
20729 23.2 22.60
20731 23.2 22.50
20733 23.3 22.50
20735 23.3 22.40
20737 23.4 22.40
20739 23.4 22.40
20741 23.5 22.40
20743 23.5 22.30
20745 23.5 22.30
20747 23.6 22.40
20749 23.6 22.40
20751 23.7 22.40
20753 23.7 22.40
20755 23.7 22.40
20757 23.7 22.50
20759 23.7 22.50
20761 23.8 22.60
20763 23.7 22.70
20765 23.7 22.80
20767 23.7 23.00
20769 23.8 23.10
20771 23.9 25.00
20773 24.1 25.50
20775 24.1 26.60
20777 23.9 25.00
20779 23.5 24.60
20781 23.5 25.00
20783 23.3 25.50
20785 22.8 25.30
20787 22.7 27.20
20789 22.5 27.40
20791 22.0 27.70
20793 22.2 27.30
20795 22.3 27.10
20797 22.2 27.00
20799 22.3 27.00
20801 22.4 26.70
20803 22.5 26.60
20805 22.7 26.50
20807 22.8 26.40
20809 22.9 26.20
20811 22.9 26.10
20813 23.0 26.00
20815 23.0 26.00
20817 22.7 25.90
20819 22.0 26.50
20821 21.5 26.80
20823 21.3 27.00
20825 21.5 26.60
20827 21.7 26.50
20829 21.7 26.40
20831 21.7 26.30
20833 21.7 26.20
20835 21.6 26.10
20837 21.6 26.00
20839 21.6 25.90
20841 21.6 25.80
20843 21.8 25.70
20845 21.9 25.50
20847 22.1 25.40
20849 22.2 25.30
20851 22.3 25.10
20853 22.4 25.10
20855 22.5 25.00
20857 22.6 24.80
20859 22.7 24.70
20861 22.8 24.60
20863 22.8 24.50
20865 22.8 24.40
20867 22.8 24.30
20869 22.8 24.30
20871 22.6 24.20
20873 22.3 23.90
20875 21.9 24.40
20877 22.1 24.30
20879 22.2 24.30
20881 22.3 24.30
20883 22.4 24.40
20885 22.4 24.50
20887 22.5 24.70
20889 22.5 24.80
20891 22.5 24.80
20893 22.5 25.00
20895 22.6 25.10
20897 22.6 25.20
20899 22.6 25.20
20901 22.6 25.40
20903 22.7 25.50
20905 22.7 25.50
20907 22.7 25.70
20909 22.7 25.70
20911 22.7 25.80
20913 22.7 26.00
20915 22.8 26.00
20917 22.8 26.00
20919 22.8 26.10
20921 22.8 26.20
20923 22.8 26.30
20925 22.9 26.30
20927 22.9 26.40
20929 22.9 26.50
20931 22.9 26.60
20933 22.9 26.50
20935 22.9 26.70
20937 22.9 26.70
20939 22.9 26.70
20941 22.9 26.80
20943 22.7 27.80
20945 22.4 28.40
20947 22.3 28.50
20949 22.3 28.20
20951 22.3 28.40
20953 22.2 28.20
20955 22.2 28.60
20957 22.2 28.60
20959 22.2 29.70
20961 22.1 29.20
20963 22.1 29.30
20965 22.1 29.20
20967 22.2 29.20
20969 22.2 29.40
20971 22.3 29.40
20973 22.4 30.10
20975 22.4 30.30
20977 22.4 30.60
20979 22.5 31.00
20981 22.5 31.30
20983 22.5 31.40
20985 22.6 31.70
20987 22.6 31.90
20989 22.6 32.30
20991 22.6 32.10
20993 21.9 34.10
20995 21.4 34.70
20997 21.2 35.10
20999 21.4 34.50
21001 21.5 34.00
21003 21.6 34.30
21005 21.7 34.00
21007 21.7 34.30
21009 21.6 35.40
21011 21.3 36.00
21013 21.4 35.60
21015 21.5 35.80
21017 21.5 35.80
21019 21.5 35.60
21021 21.7 36.90
21023 22.0 38.30
21025 22.2 37.40
21027 22.1 36.40
21029 22.0 35.80
21031 21.4 36.70
21033 21.6 36.30
21035 21.7 35.50
21037 21.7 35.30
21039 21.7 35.60
21041 21.8 35.60
21043 21.8 35.40
21045 21.9 35.30
21047 21.9 35.20
21049 21.9 35.20
21051 21.8 35.20
21053 21.8 35.10
21055 21.8 34.50
21057 21.7 34.70
21059 21.7 34.40
21061 21.7 35.10
21063 21.7 35.00
21065 21.9 34.80
21067 22.0 34.70
21069 22.1 34.50
21071 22.2 34.40
21073 22.3 34.10
21075 22.4 33.90
21077 22.5 33.60
21079 22.6 33.40
21081 22.7 33.10
21083 22.7 32.90
21085 22.7 32.70
21087 22.7 32.50
21089 22.4 31.60
21091 21.9 32.10
21093 21.7 32.30
21095 22.0 32.00
21097 22.1 31.90
21099 22.2 31.80
21101 22.3 31.70
21103 22.4 31.50
21105 22.5 31.30
21107 22.6 31.10
21109 22.7 30.90
21111 22.8 30.70
21113 22.8 30.50
21115 22.9 30.30
21117 22.9 30.10
21119 22.9 29.90
21121 22.9 29.70
21123 22.9 29.40
21125 22.8 29.20
21127 22.7 28.10
21129 22.4 27.60
21131 22.3 27.40
21133 22.4 27.70
21135 22.4 27.70
21137 22.5 27.60
21139 22.6 27.40
21141 22.7 27.20
21143 22.8 26.90
21145 22.8 26.80
21147 22.9 26.50
21149 23.0 26.30
21151 23.0 26.10
21153 23.1 26.00
21155 23.1 25.90
21157 23.2 25.80
21159 23.2 25.80
21161 23.2 25.70
21163 23.2 25.60
21165 23.3 25.50
21167 23.3 25.50
21169 23.3 25.60
21171 23.3 25.70
21173 23.4 25.90
21175 23.4 25.90
21177 23.4 25.90
21179 23.4 25.90
21181 23.5 25.90
21183 23.5 25.80
21185 23.5 25.70
21187 23.5 25.70
21189 23.5 25.70
21191 23.6 25.70
21193 23.6 25.80
21195 23.6 25.90
21197 23.5 25.80
21199 23.4 26.00
21201 22.9 25.00
21203 22.3 25.60
21205 22.0 25.60
21207 21.9 25.50
21209 22.2 25.40
21211 22.3 25.50
21213 22.4 25.40
21215 22.4 25.30
21217 22.6 25.20
21219 22.6 25.20
21221 22.8 25.10
21223 22.9 25.10
21225 22.9 25.00
21227 23.0 24.90
21229 23.0 24.80
21231 23.1 24.50
21233 23.1 24.30
21235 23.2 24.10
21237 23.2 23.90
21239 23.2 23.70
21241 23.3 23.50
21243 23.3 23.40
21245 23.3 23.30
21247 23.4 23.00
21249 23.4 23.00
21251 23.4 22.90
21253 23.4 22.60
21255 23.5 22.40
21257 23.5 22.30
21259 23.5 22.30
21261 23.5 22.10
21263 23.5 22.00
21265 23.5 22.00
21267 23.5 21.70
21269 23.6 21.70
21271 23.6 21.40
21273 23.6 21.30
21275 23.6 21.20
21277 23.6 21.20
21279 23.6 21.20
21281 23.6 21.00
21283 23.6 20.90
21285 23.6 20.90
21287 23.6 20.80
21289 23.7 20.80
21291 23.7 20.60
21293 23.7 20.70
21295 23.7 20.50
21297 23.7 20.60
21299 23.7 20.40
21301 23.7 20.30
21303 23.7 20.30
21305 23.7 20.40
21307 23.7 20.30
21309 23.7 20.20
21311 23.7 20.20
21313 23.7 20.00
21315 23.7 20.00
21317 23.7 20.00
21319 23.8 20.00
21321 23.7 20.00
21323 23.8 19.80
21325 23.8 19.80
21327 23.7 19.90
21329 23.8 19.80
21331 23.8 19.70
21333 23.8 19.80
21335 23.8 19.80
21337 23.7 19.90
21339 23.8 19.70
21341 23.8 19.80
21343 23.7 19.90
21345 23.7 19.80
21347 23.8 20.00
21349 23.8 20.20
21351 23.7 20.10
21353 23.7 20.30
21355 23.7 20.30
21357 23.7 20.30
21359 23.7 20.40
21361 23.8 20.50
21363 23.7 20.50
21365 23.8 20.50
21367 23.8 20.60
21369 23.8 20.80
21371 23.8 20.80
21373 23.8 20.90
21375 23.8 21.00
21377 23.8 21.00
21379 23.7 21.20
21381 23.7 21.40
21383 23.6 21.70
21385 23.5 21.80
21387 23.5 22.10
21389 23.3 22.40
21391 23.1 22.60
21393 23.0 23.10
21395 23.1 23.10
21397 23.2 23.10
21399 23.2 23.30
21401 23.3 23.30
21403 23.4 23.40
21405 23.5 25.50
21407 23.5 25.20
21409 23.5 25.10
21411 23.6 24.90
21413 23.6 24.80
21415 23.6 24.90
21417 23.6 25.40
21419 23.5 25.30
21421 23.3 25.60
21423 22.7 25.90
21425 22.2 26.50
21427 21.9 27.00
21429 21.9 26.90
21431 22.2 26.50
21433 22.3 26.40
21435 22.4 26.20
21437 22.4 26.10
21439 22.4 26.10
21441 22.4 26.10
21443 22.4 26.00
21445 22.5 26.00
21447 22.6 26.00
21449 22.6 25.90
21451 22.7 25.80
21453 22.8 25.80
21455 22.8 25.80
21457 22.9 25.70
21459 22.9 25.70
21461 23.0 25.60
21463 23.0 25.60
21465 23.1 25.60
21467 23.1 25.60
21469 23.1 25.50
21471 23.2 25.50
21473 23.1 25.60
21475 23.1 25.50
21477 23.1 25.60
21479 23.0 25.60
21481 23.0 25.60
21483 23.0 25.60
21485 22.4 26.00
21487 22.1 26.40
21489 22.4 26.10
21491 22.4 26.10
21493 22.5 26.00
21495 22.6 26.00
21497 22.6 25.90
21499 22.7 26.00
21501 22.8 26.00
21503 22.9 26.00
21505 22.9 25.90
21507 23.0 25.90
21509 23.0 25.90
21511 23.1 25.90
21513 23.1 25.90
21515 23.1 26.10
21517 23.2 26.20
21519 23.2 26.30
21521 23.2 26.40
21523 23.2 26.50
21525 23.2 26.70
21527 23.2 26.80
21529 23.3 26.90
21531 23.3 27.10
21533 23.2 28.70
21535 23.1 28.90
21537 23.0 29.00
21539 22.2 30.30
21541 21.8 31.10
21543 22.1 31.10
21545 22.2 31.30
21547 22.1 31.70
21549 22.1 31.30
21551 22.2 31.10
21553 22.2 31.30
21555 22.3 31.20
21557 22.4 31.70
21559 22.5 32.10
21561 22.5 32.50
21563 22.6 32.70
21565 22.6 32.80
21567 22.7 33.10
21569 22.7 33.40
21571 22.5 34.80
21573 21.8 36.00
21575 21.4 36.80
21577 21.6 36.20
21579 21.8 36.10
21581 22.0 35.30
21583 22.2 35.70
21585 22.2 35.60
21587 21.7 36.80
21589 21.2 37.60
21591 20.9 37.90
21593 20.7 38.30
21595 21.1 37.60
21597 21.3 37.10
21599 21.3 36.80
21601 21.4 36.50
21603 21.4 36.50
21605 21.0 37.70
21607 21.1 37.80
