37065 20.5 49.6
37063 20.5 49.5
37061 20.4 49.5
37059 20.4 49.7
37057 20.4 49.6
37055 20.3 49.9
37053 20.2 50.0
37051 20.2 49.4
37049 20.4 48.6
37047 20.6 48.2
37045 20.7 48.4
37043 20.7 48.4
37041 20.7 48.4
37039 20.7 48.3
37037 20.7 48.3
37035 20.7 48.3
37033 20.7 48.3
37031 20.7 48.2
37029 20.6 48.2
37027 20.6 48.2
37025 20.6 48.2
37023 20.6 48.3
37021 20.6 48.3
37019 20.6 48.3
37017 20.6 48.3
37015 20.6 48.3
37013 20.5 48.4
37011 20.5 48.4
37009 20.5 48.4
37007 20.5 48.5
37005 20.5 48.5
37003 20.5 48.5
37001 20.5 48.6
36999 20.5 48.7
36997 20.4 48.7
36995 20.4 48.8
36993 20.4 48.9
36991 20.4 49.0
36989 20.4 49.1
36987 20.3 49.2
36985 20.3 49.4
36983 20.3 49.5
36981 20.2 49.7
36979 20.2 49.9
36977 20.2 50.2
36975 20.1 50.7
36973 19.9 51.3
36971 19.7 51.7
36969 19.7 50.9
36967 19.7 50.7
36965 19.9 50.4
36963 20.0 50.2
36961 20.2 49.8
36959 20.5 49.4
36957 20.7 49.7
36955 20.7 49.7
36953 20.7 49.9
36951 20.8 49.9
36949 20.8 50.5
36947 20.5 50.4
36945 20.5 50.6
36943 20.5 50.9
36941 20.3 51.4
36939 20.0 51.4
36937 19.9 52.1
36935 19.7 52.3
36933 19.6 51.6
36931 19.7 51.2
36929 19.8 50.9
36927 19.9 50.6
36925 20.1 50.0
36923 20.3 49.5
36921 20.4 49.8
36919 20.4 49.9
36917 20.3 50.0
36915 20.3 49.8
36913 20.3 50.0
36911 20.2 50.2
36909 20.2 50.9
36907 20.1 51.2
36905 19.9 51.7
36903 19.8 50.9
36901 19.8 50.5
36899 19.9 50.4
36897 19.7 50.3
36895 19.9 49.9
36893 20.0 49.5
36891 20.2 49.0
36889 20.5 48.9
36887 20.4 49.1
36885 20.4 49.4
36883 20.3 49.7
36881 20.2 50.2
36879 20.1 50.7
36877 19.8 50.9
36875 19.8 50.0
36873 19.9 49.5
36871 20.0 49.1
36869 20.2 48.6
36867 20.4 48.1
36865 20.6 47.6
36863 20.8 46.9
36861 21.1 46.6
36859 21.1 46.8
36857 21.1 46.9
36855 21.0 47.0
36853 20.9 47.1
36851 20.9 47.3
36849 20.7 47.4
36847 20.6 47.7
36845 20.4 48.0
36843 20.3 48.6
36840 20.1 49.1
36838 20.0 49.6
36836 19.8 49.7
36834 19.8 49.2
36832 19.8 49.1
36830 19.8 48.9
36828 20.0 48.6
36826 20.1 48.2
36824 20.3 47.6
36822 20.6 46.9
36820 21.0 46.3
36818 21.1 46.9
36816 21.1 46.9
36814 21.0 47.1
36812 20.9 47.2
36810 20.8 47.4
36808 20.7 47.5
36806 20.6 47.9
36804 20.4 48.3
36802 20.3 48.8
36800 20.1 49.3
36798 19.9 49.7
36796 19.9 49.1
36794 20.1 48.7
36792 20.2 48.3
36790 20.5 47.9
36788 20.7 47.3
36786 20.9 47.6
36784 20.9 47.6
36782 20.9 47.6
36780 21.0 47.6
36778 21.0 47.5
36776 21.0 47.5
36774 21.0 47.5
36772 21.0 47.6
36770 20.9 47.7
36768 20.9 48.0
36766 20.8 48.4
36764 20.8 47.8
36762 21.0 47.8
36760 21.1 48.1
36758 21.1 47.5
36756 21.4 47.5
36754 21.8 47.9
36752 22.1 50.5
36750 21.8 50.4
36748 21.5 51.9
36746 20.6 48.4
36744 20.6 47.9
36742 20.7 47.7
36740 20.8 47.5
36738 20.9 47.4
36736 21.1 47.1
36734 21.0 47.3
36732 21.0 47.4
36730 20.9 47.6
36728 20.8 47.6
36726 20.7 47.4
36724 20.8 47.4
36722 20.7 47.0
36720 20.9 46.5
36718 22.3 43.9
36717 21.0 46.0
36716 22.1 44.3
36714 21.0 45.8
36712 21.0 47.6
36711 20.9 47.1
36709 20.8 45.9
36707 21.0 44.8
36705 21.3 44.3
36703 21.7 43.6
36701 21.9 44.0
36699 22.0 43.9
36697 22.0 44.1
36695 21.9 45.0
36693 21.7 44.8
36691 21.5 45.0
36689 21.3 45.3
36687 21.1 45.3
36685 21.0 45.5
36683 21.0 45.4
36680 20.3 45.4
36678 20.4 45.3
36676 20.7 44.7
36674 21.1 43.7
36672 21.3 45.1
36670 21.3 45.1
36668 21.3 45.2
36666 21.3 45.3
36664 21.2 45.4
36662 21.1 45.6
36660 21.0 45.7
36658 20.9 45.9
36656 20.8 46.2
36654 20.6 46.5
36652 20.5 46.7
36650 20.3 47.1
36648 20.1 47.3
36646 20.0 47.6
36644 19.9 47.3
36642 20.0 47.1
36640 20.2 46.7
36638 20.3 46.5
36636 20.7 45.4
36634 21.0 44.9
36632 21.2 46.3
36630 21.2 46.3
36628 21.1 46.4
36626 21.1 46.5
36624 21.0 46.7
36622 20.9 46.8
36620 20.8 47.0
36618 20.7 47.3
36616 20.5 47.5
36614 20.4 47.8
36612 20.2 48.1
36610 20.1 48.5
36608 19.9 48.8
36606 19.7 49.1
36604 19.5 48.9
36602 19.6 48.7
36600 19.8 48.5
36598 19.9 48.3
36596 20.0 48.0
36594 20.3 47.4
36592 20.6 47.1
36590 20.8 47.0
36588 20.8 48.4
36586 20.8 48.6
36584 20.7 48.8
36582 20.6 49.2
36580 20.5 49.5
36578 20.4 49.9
36576 20.2 50.3
36574 20.1 50.8
36572 19.9 51.5
36570 19.8 51.9
36568 19.7 52.5
36566 19.4 53.2
36564 19.2 52.4
36562 19.3 51.9
36560 19.5 51.4
36558 19.6 51.2
36556 19.7 51.1
36554 19.8 50.9
36552 20.0 50.5
36550 20.3 49.7
36548 20.6 49.5
36546 20.6 50.6
36544 20.3 50.9
36542 20.1 50.2
36540 20.0 50.4
36538 20.0 50.6
36536 19.9 51.1
36534 19.8 51.7
36532 19.7 52.5
36530 19.5 53.1
36528 19.3 52.4
36526 19.3 51.8
36524 19.5 51.4
36522 19.5 51.1
36520 19.6 50.9
36518 19.6 50.8
36516 19.7 50.6
36514 19.8 50.6
36512 19.8 50.9
36510 19.7 50.7
36508 19.8 50.3
36506 19.9 49.9
36504 20.2 49.1
36502 20.5 48.4
36500 20.7 47.8
36498 20.9 47.8
36496 20.8 47.8
36494 20.7 47.9
36492 20.7 48.2
36490 20.6 48.4
36488 20.5 49.0
36486 20.4 49.5
36484 20.2 49.9
36482 20.1 50.6
36480 19.9 50.9
36478 19.7 50.5
36476 19.7 50.2
36474 19.9 49.8
36472 20.0 49.6
36470 20.2 49.4
36468 20.6 48.7
36466 21.0 47.9
36464 21.1 48.9
36462 21.1 48.9
36460 21.0 49.1
36458 20.9 49.4
36456 20.8 49.7
36454 20.7 50.0
36452 20.6 50.4
36450 20.5 50.9
36448 20.4 51.5
36446 20.2 52.7
36444 20.1 54.1
36442 19.9 55.0
36440 19.7 54.9
36438 19.6 52.9
36436 19.7 52.7
36434 19.8 52.7
36432 19.9 52.4
36430 20.1 52.0
36428 20.2 51.5
36426 20.6 50.6
36424 20.8 50.1
36422 20.9 49.2
36420 20.9 49.2
36418 20.8 49.4
36416 20.7 49.6
36414 20.6 49.9
36412 20.5 50.3
36410 20.4 50.8
36408 20.3 51.7
36406 20.1 52.8
36404 20.0 54.5
36402 19.8 54.9
36400 19.5 54.8
36398 19.5 53.0
36396 19.6 52.7
36394 19.8 52.2
36392 20.1 51.5
36390 20.3 50.7
36388 20.4 49.4
36386 20.5 49.4
36384 20.4 49.5
36382 20.4 49.5
36380 20.4 49.6
36378 20.3 49.7
36376 20.3 50.0
36374 20.3 50.1
36372 20.2 50.4
36370 20.2 50.9
36368 20.1 51.5
36366 20.1 52.5
36364 20.0 53.8
36362 19.8 54.3
36360 19.5 52.9
36358 19.5 51.6
36356 19.6 51.2
36354 19.8 50.7
36352 19.9 50.1
36350 20.2 49.3
36348 20.4 48.6
36346 20.6 45.9
36344 20.6 45.8
36342 20.6 45.7
36340 20.6 45.6
36338 20.5 45.5
36336 20.5 45.5
36334 20.5 45.4
36332 20.5 45.4
36330 20.5 45.3
36328 20.4 45.3
36326 20.4 45.3
36324 20.4 45.4
36322 20.4 45.6
36320 20.3 45.7
36318 20.3 46.1
36316 20.2 46.9
36314 20.1 47.5
36312 19.9 47.8
36310 19.7 47.6
36308 19.8 47.1
36306 19.9 46.7
36304 20.1 46.1
36302 20.3 45.6
36300 20.6 44.9
36298 20.8 44.5
36296 20.9 43.9
36294 21.1 41.9
36292 21.1 41.7
36290 21.1 41.6
36288 21.1 41.6
36286 21.0 41.7
36284 21.0 41.7
36282 20.9 41.8
36280 20.8 41.9
36278 20.7 42.0
36276 20.6 42.2
36274 20.4 42.5
36272 20.3 43.0
36270 20.2 43.8
36268 20.0 43.9
36266 19.8 43.7
36264 19.9 43.4
36262 20.0 43.0
36260 20.2 42.5
36258 20.5 41.7
36256 21.0 40.7
36254 21.2 40.7
36252 21.2 40.6
36250 21.1 40.5
36248 21.1 40.5
36246 21.1 40.6
36244 21.0 40.6
36242 20.9 40.6
36240 20.9 40.7
36238 20.8 40.8
36236 20.7 40.8
36234 20.5 40.9
36232 20.4 41.2
36230 20.3 41.6
36228 20.1 41.9
36226 19.9 42.1
36224 19.9 41.8
36222 20.0 41.5
36220 20.2 40.9
36218 20.5 40.3
36216 20.9 39.6
36214 21.1 40.7
36212 21.1 40.6
36210 21.1 40.6
36208 21.1 40.6
36206 21.0 40.7
36204 21.0 40.8
36202 20.9 40.8
36200 20.8 40.9
36198 20.8 40.9
36196 20.7 41.0
36194 20.6 41.2
36192 20.6 41.2
36190 20.6 41.2
36188 20.6 41.3
36186 20.6 41.3
36184 20.6 41.4
36182 20.6 41.4
36180 20.6 41.4
36178 20.6 41.4
36176 20.6 41.5
36174 20.6 41.4
36172 20.6 41.4
36170 20.6 41.4
36168 20.6 41.4
36166 20.6 41.4
36164 20.6 41.4
36162 20.5 41.5
36160 20.3 41.7
36158 20.2 42.1
36156 20.0 42.4
36154 19.7 42.8
36152 19.8 42.3
36150 20.0 41.9
36148 20.2 41.6
36146 20.5 41.0
36144 21.0 40.2
36142 21.1 41.6
36140 21.1 41.6
36138 21.1 41.6
36136 21.1 41.6
36134 21.0 41.7
36132 21.0 41.8
36130 20.9 41.9
36128 20.9 42.0
36126 20.8 42.1
36124 20.7 42.2
36122 20.6 42.4
36120 20.5 42.5
36118 20.4 42.7
36116 20.2 42.9
36114 20.1 43.1
36112 19.9 43.5
36110 19.9 43.4
36108 20.1 43.2
36106 20.3 42.8
36104 20.7 42.4
36102 21.0 42.4
36100 21.1 44.0
36098 21.1 44.0
36096 21.0 44.0
36094 21.0 44.2
36092 20.9 44.3
36090 20.9 44.5
36088 20.8 44.7
36086 20.8 44.9
36084 20.7 45.1
36082 20.6 45.4
36080 20.4 45.7
36078 20.3 46.2
36076 20.2 47.2
36074 20.0 47.8
36072 19.8 47.9
36070 19.8 47.6
36068 20.0 47.3
36066 20.2 46.9
36064 20.5 46.3
36062 20.8 45.7
36060 21.0 44.9
36058 21.0 44.7
36056 21.0 44.8
36054 21.0 44.8
36052 20.9 44.9
36050 20.8 45.1
36048 20.7 45.3
36046 20.7 45.5
36044 20.6 45.8
36042 20.5 46.2
36040 20.4 46.6
36038 20.4 47.3
36036 20.4 47.4
36034 20.4 47.5
36032 20.3 47.1
36030 20.3 47.2
36028 20.3 47.7
36026 20.2 48.1
36024 20.1 47.8
36022 20.2 47.4
36020 20.5 46.6
36018 20.5 46.3
36016 20.5 46.4
36014 20.5 46.2
36012 20.5 46.3
36010 20.5 45.8
36008 20.5 46.0
36006 20.5 46.0
36004 20.5 46.0
36002 20.5 46.0
36000 20.4 45.9
35998 20.5 45.7
35996 20.5 45.7
35994 20.5 45.7
35992 20.5 45.7
35990 20.5 45.6
35988 20.5 45.5
35986 20.5 45.4
35984 20.5 45.3
35982 20.5 45.0
35980 20.5 45.0
35978 20.4 44.9
35976 20.4 44.8
35974 20.4 44.9
35972 20.4 44.8
35970 20.4 44.5
35968 20.4 45.4
35966 20.4 45.1
35964 20.4 45.0
35962 20.4 44.8
35960 20.4 44.4
35958 20.4 44.3
35956 20.4 44.2
35954 20.4 43.9
35952 20.4 43.9
35950 20.4 43.9
35948 20.4 43.9
35946 20.4 43.8
35944 20.4 43.2
35942 20.4 43.4
35940 20.4 43.3
35938 20.4 43.3
35936 20.4 43.3
35934 20.4 43.2
35932 20.4 43.1
35930 20.4 43.1
35928 20.4 42.9
35926 20.4 42.9
35924 20.4 42.8
35922 20.4 42.8
35920 20.4 42.6
35918 20.4 42.5
35916 20.4 42.3
35914 20.3 42.1
35912 20.4 42.1
35910 20.4 42.0
35908 20.4 42.0
35906 20.3 41.9
35904 20.4 41.9
35902 20.4 41.9
35900 20.3 41.9
35898 20.3 41.9
35896 20.3 41.8
35894 20.3 41.8
35892 20.4 41.7
35890 20.4 41.7
35888 20.4 41.6
35886 20.4 41.6
35884 20.3 41.7
35882 20.4 41.5
35880 20.4 41.5
35878 20.3 41.5
35876 20.3 41.5
35874 20.3 41.4
35872 20.3 41.5
35870 20.3 41.5
35868 20.3 41.3
35866 20.3 41.4
35864 20.3 41.4
35862 20.3 41.2
35860 20.3 41.2
35858 20.3 41.1
35856 20.3 41.2
35854 20.3 41.1
35852 20.3 41.1
35850 20.3 41.0
35848 20.3 41.0
35846 20.2 40.9
35844 20.3 40.8
35842 20.3 40.9
35840 20.2 41.1
35838 20.2 40.9
35836 20.2 40.8
35834 20.2 40.6
35832 20.2 40.8
35830 20.1 41.0
35828 20.0 41.3
35826 19.9 41.6
35824 19.9 41.6
35822 19.9 41.2
35820 20.2 40.6
35818 20.4 40.0
35816 20.4 39.8
35814 20.4 39.7
35812 20.4 39.7
35810 20.4 39.6
35808 20.4 39.6
35806 20.4 39.4
35804 20.4 39.6
35802 20.4 39.4
35800 20.4 39.3
35798 20.4 39.2
35796 20.4 39.0
35794 20.4 38.9
35792 20.4 39.0
35790 20.4 38.9
35788 20.4 38.8
35786 20.4 38.7
35784 20.4 38.6
35782 20.4 38.4
35780 20.4 38.4
35778 20.4 38.3
35776 20.4 38.2
35774 20.4 38.1
35772 20.4 37.9
35770 20.4 37.9
35768 20.3 37.9
35766 20.3 37.7
35764 20.3 37.7
35762 20.3 37.5
35760 20.3 37.5
35758 20.3 37.4
35756 20.3 37.3
35754 20.3 37.2
35752 20.3 37.2
35750 20.3 37.1
35748 20.2 37.0
35746 20.2 37.0
35744 20.2 37.0
35742 20.1 37.0
35740 20.1 37.2
35738 20.0 37.6
35736 19.7 37.9
35734 19.7 37.5
35732 19.9 36.9
35730 19.9 36.6
35728 20.1 36.2
35726 20.4 35.6
35724 20.8 34.8
35722 21.0 34.6
35720 21.0 34.8
35718 21.1 34.7
35716 21.0 34.7
35714 21.0 34.7
35712 20.9 34.7
35710 20.9 34.8
35708 20.8 34.8
35706 20.7 34.9
35704 20.6 34.9
35702 20.6 35.0
35700 20.4 35.0
35698 20.3 35.2
35696 20.2 35.3
35694 20.0 35.4
35692 19.8 35.7
35690 19.7 35.6
35688 19.9 35.2
35686 20.1 34.8
35684 20.4 34.4
35682 20.6 34.2
35680 20.9 34.2
35678 21.0 35.0
35676 21.0 35.0
35674 20.9 34.9
35672 20.9 34.9
35670 20.8 35.0
35668 20.8 35.1
35666 20.7 35.2
35664 20.6 35.2
35662 20.5 35.3
35660 20.4 35.4
35658 20.3 35.5
35656 20.2 35.7
35654 20.0 35.8
35652 19.9 36.0
35650 19.6 36.5
35648 19.7 36.2
35646 20.0 35.7
35644 20.2 35.4
35642 20.3 35.2
35640 20.5 35.0
35638 20.7 34.7
35636 20.9 35.3
35634 20.9 35.2
35632 20.9 35.2
35630 20.9 35.2
35628 20.8 35.2
35626 20.7 35.2
35624 20.7 35.3
35622 20.6 35.4
35620 20.5 35.4
35618 20.4 35.6
35616 20.3 35.7
35614 20.2 35.8
35612 20.1 35.9
35610 20.0 36.0
35608 19.9 36.1
35606 19.8 36.3
35604 19.8 36.2
35602 19.8 36.1
35600 19.9 36.0
35598 19.9 36.0
35596 20.0 36.0
35594 20.0 35.9
35592 20.1 35.9
35590 20.1 35.8
35588 20.2 35.6
35586 20.3 35.4
35584 20.4 35.5
35582 20.5 35.4
35580 20.8 35.1
35578 20.8 35.5
35576 20.8 34.5
35574 21.0 34.1
35572 21.1 33.8
35570 21.2 34.1
35568 21.3 33.9
35566 21.3 33.9
35564 21.3 33.8
35562 21.2 33.8
35560 21.2 33.7
35558 21.1 33.8
35556 21.1 33.8
35554 21.1 33.8
35552 21.0 33.6
35550 20.9 33.7
35548 20.9 33.5
35546 20.8 33.0
35544 20.7 33.0
35542 20.7 33.2
35540 20.8 33.3
35538 20.9 33.4
35536 21.2 33.3
35534 21.5 33.6
35532 21.5 33.1
35530 21.7 32.3
35528 21.8 33.4
35526 21.8 33.2
35524 21.7 33.8
35522 21.6 35.6
35520 21.2 37.1
35518 20.9 33.9
35516 20.8 33.9
35514 20.8 33.9
35512 20.7 33.8
35510 20.6 33.9
35508 20.5 33.9
35506 20.4 33.9
35504 20.3 33.9
35502 20.2 33.8
35500 20.1 33.6
35498 20.1 33.5
35496 20.1 33.4
35494 20.2 33.4
35492 20.3 33.2
35490 20.6 32.9
35488 20.9 32.5
35486 21.1 34.2
35484 21.1 34.1
35482 21.2 34.0
35480 21.1 34.0
35478 21.1 34.0
35476 21.1 34.0
35474 21.0 34.0
35472 20.9 34.1
35470 20.9 34.0
35468 20.8 34.1
35466 20.7 34.1
35464 20.6 34.1
35462 20.4 34.2
35460 20.3 34.2
35458 20.2 34.0
35456 20.1 33.8
35454 20.0 33.9
35452 20.0 33.7
35450 20.2 33.6
35448 20.4 33.6
35446 20.7 33.5
35444 20.8 33.6
35442 21.3 33.3
35440 21.4 35.2
35438 21.4 35.2
35436 21.5 35.1
35434 21.5 35.0
35432 21.4 35.1
35430 21.4 35.0
35428 21.4 35.0
35426 21.4 34.9
35424 21.4 34.8
35422 21.4 34.7
35420 21.5 34.7
35418 21.5 34.3
35416 21.8 33.8
35414 22.0 35.0
35412 21.4 37.4
35410 21.1 37.8
35408 20.9 37.5
35406 20.6 37.4
35404 20.2 35.7
35402 20.4 35.9
35400 20.6 36.8
35398 20.6 35.4
35396 21.0 34.9
35394 21.0 36.3
35392 21.0 36.2
35390 20.9 36.3
35388 20.8 36.4
35386 20.8 36.5
35384 20.7 36.7
35382 20.6 36.8
35380 20.6 37.1
35378 20.4 36.8
35376 20.3 36.9
35374 20.2 37.0
35372 20.1 36.7
35370 20.1 36.7
35368 20.2 36.5
35366 20.4 36.1
35364 20.6 35.5
35362 20.6 35.5
35360 21.0 35.0
35358 21.3 35.0
35356 21.4 35.7
35354 21.5 35.6
35352 21.5 35.4
35350 21.4 35.3
35348 21.4 35.3
35346 21.4 35.5
35344 21.5 36.0
35342 21.3 36.7
35340 21.0 36.7
35338 20.6 36.3
35336 20.4 35.7
35334 20.3 35.5
35332 20.1 35.3
35330 20.0 35.5
35328 19.9 35.3
35326 20.1 35.1
35324 20.4 34.9
35322 20.6 34.8
35320 21.1 35.2
35318 21.2 36.7
35316 21.2 36.7
35314 21.2 36.6
35312 21.1 36.7
35310 21.1 36.7
35308 21.0 36.7
35306 20.9 36.8
35304 20.9 36.9
35302 20.8 37.0
35300 20.7 37.0
35298 20.7 37.1
35296 20.5 37.1
35294 20.5 37.1
35292 20.3 37.2
35290 20.1 37.1
35288 20.0 37.0
35286 19.7 37.4
35284 19.7 37.4
35282 20.0 37.0
35280 20.2 36.6
35278 20.5 36.5
35276 20.8 36.8
35274 20.9 38.7
35272 20.9 38.7
35270 20.9 38.7
35268 20.9 38.8
35266 20.8 38.9
35264 20.7 39.0
35262 20.7 39.0
35260 20.6 39.1
35258 20.5 39.2
35256 20.4 39.3
35254 20.3 39.3
35252 20.2 39.4
35250 20.0 39.6
35248 19.8 39.8
35246 19.6 40.1
35244 19.4 40.5
35242 19.1 40.8
35240 19.3 40.5
35238 19.5 40.3
35236 19.7 40.0
35234 20.0 39.7
35232 20.3 39.4
35230 20.4 40.7
35228 20.4 40.7
35226 20.4 40.8
35224 20.3 41.0
35222 20.2 41.1
35220 20.0 41.3
35218 19.9 41.7
35216 19.8 42.0
35214 19.6 42.5
35212 19.4 42.9
35210 19.2 43.0
35208 19.3 43.0
35206 19.3 42.8
35204 19.5 42.6
35202 19.6 42.2
35200 19.8 41.7
35198 20.1 40.9
35196 20.6 39.8
35194 20.9 40.1
35192 20.9 40.6
35190 20.9 40.6
35188 20.9 40.7
35186 20.8 40.9
35184 20.8 41.0
35182 20.9 41.5
35180 20.6 41.3
35178 20.3 41.2
35176 20.1 41.2
35174 20.0 41.5
35172 19.9 41.7
35170 19.8 41.9
35168 19.8 41.5
35166 20.0 41.4
35164 20.1 41.8
35162 20.0 42.4
35160 19.9 42.5
35158 19.9 41.5
35156 20.2 41.0
35154 20.6 40.4
35152 20.8 40.8
35150 20.8 40.8
35148 20.7 40.8
35146 20.7 40.9
35144 20.6 41.0
35142 20.5 41.1
35140 20.4 41.2
35138 20.3 41.4
35136 20.1 41.6
35134 20.0 41.8
35132 19.8 42.0
35130 19.6 42.5
35128 19.7 42.3
35126 19.8 42.2
35124 20.1 42.0
35122 20.5 41.4
35120 20.8 41.2
35118 20.9 42.6
35116 20.9 42.6
35114 20.8 42.7
35112 20.8 42.8
35110 20.7 43.1
35108 20.6 43.2
35106 20.6 43.5
35104 20.5 43.9
35102 20.4 44.2
35100 20.3 44.6
35098 20.1 45.0
35096 20.0 45.6
35094 19.8 46.1
35092 19.7 46.8
35090 19.4 47.2
35088 19.3 47.3
35086 19.5 47.2
35084 19.6 46.9
35082 19.8 46.6
35080 20.0 46.1
35078 20.3 45.3
35076 20.5 43.9
35074 20.5 43.8
35072 20.5 44.0
35070 20.4 44.3
35068 20.3 44.8
